Some((
    red: 0.4470588,
    green: 0.5294119,
    blue: 0.99215686,
))